Ada 85 110 154 196 244 331 445 627 962 0 0
Adah 727 860 0 0 0 0 0 0 0 0 0
Adalberto 0 0 0 0 722 773 725 863 891 0 0
Adaline 832 828 0 0 0 0 0 0 0 0 0
Adam 178 200 280 376 444 407 144 38 22 39 46
Adan 0 0 0 985 920 977 936 729 601 516 504
Addie 165 213 249 324 460 686 0 0 0 0 0
Addison 779 759 895 0 0 0 0 0 794 585 323
Adela 444 433 544 623 697 814 0 0 0 0 0
Adelaida 0 0 0 863 897 0 0 0 0 0 0
Adelaide 253 270 386 642 962 0 0 0 0 0 0
Adelard 924 0 0 0 0 0 0 0 0 0 0
Adelbert 767 760 931 0 0 0 0 0 0 0 0
Adele 200 215 233 318 437 465 714 0 0 0 0
Adelia 549 815 909 0 0 0 0 0 0 0 0
Adelina 672 698 727 748 0 0 0 0 0 0 0
Adeline 194 171 201 395 631 0 0 0 0 0 812
Adell 600 544 590 816 0 0 0 0 0 0 0
Adella 698 558 910 857 0 0 0 0 0 0 0
Adelle 795 816 850 0 0 0 0 0 0 0 0
Aden 0 0 0 0 0 0 0 0 0 0 901
Adolf 581 854 0 0 0 0 0 0 0 0 0
Adolfo 822 785 662 551 691 691 648 713 783 609 556
